32 
1 hospital 
2 n
3 n
4 n
5 hospital 
6 n
7 n
8 n
9 n
10 hospital 
11 hospital 
12 n
13 n
14 n
15 hospital 
16 hospital 
17 n
18 n
19 n
20 n
21 n
22 n
23 n
24 n
25 n
26 n
27 n
28 hospital 
29 n
30 n
31 n
32 n 

36
1 2 65
2 3 400
3 4 60
4 5 750
5 6 550
6 7 300
7 8 650
8 9 170
9 10 180
9 11 350
11 12 600
12 13 1100
13 14 300
14 15 250
14 16 290
16 17 280
17 18 600
18 19 270
19 7 550
18 20 1400
20 21 100
20 22 220
22 23 170
23 2 650
17 24 72
24 25 250
24 32 1700
25 26 3300
26 31 190
31 32 140
26 27 250
30 32 260
29 30 140
28 29 150
27 29 27
32 12 1200




